160 -0.7411
165 -0.7592
170 -0.7750
175 -0.7891
180 -0.8017
185 -0.8128
190 -0.8227
195 -0.8315
200 -0.8391
205 -0.8457
210 -0.8513
215 -0.8560
220 -0.8599
225 -0.8629
230 -0.8651
235 -0.8667
240 -0.8676
245 -0.8681
250 -0.8680
255 -0.8674
260 -0.8664
265 -0.8650
270 -0.8633
275 -0.8612
280 -0.8589
285 -0.8563
290 -0.8536
295 -0.8506
300 -0.8473
305 -0.8439
310 -0.8401
315 -0.8363
320 -0.8323
325 -0.8281
330 -0.8237
335 -0.8190
340 -0.8142
345 -0.8095
350 -0.8045
355 -0.7995
360 -0.7943
365 -0.7889
370 -0.7834
375 -0.7778
380 -0.7720
385 -0.7662
390 -0.7602
395 -0.7540
400 -0.7478
405 -0.7413
410 -0.7345
415 -0.7275
420 -0.7201
425 -0.7124
430 -0.7045
435 -0.6961
440 -0.6874
445 -0.6782
450 -0.6686
