160 -0.1580
165 -0.2099
170 -0.2505
175 -0.2831
180 -0.3099
185 -0.3324
190 -0.3516
195 -0.3683
200 -0.3828
205 -0.3943
210 -0.4041
215 -0.4120
220 -0.4184
225 -0.4236
230 -0.4273
235 -0.4303
240 -0.4320
245 -0.4332
250 -0.4337
255 -0.4332
260 -0.4327
265 -0.4312
270 -0.4294
275 -0.4274
280 -0.4248
285 -0.4223
290 -0.4193
295 -0.4162
300 -0.4131
305 -0.4094
310 -0.4057
315 -0.4020
320 -0.3980
325 -0.3939
330 -0.3899
335 -0.3856
340 -0.3813
345 -0.3771
350 -0.3724
355 -0.3681
360 -0.3636
365 -0.3589
370 -0.3545
375 -0.3498
380 -0.3451
385 -0.3404
390 -0.3354
395 -0.3306
400 -0.3258
405 -0.3208
410 -0.3159
415 -0.3106
420 -0.3051
425 -0.2992
430 -0.2928
435 -0.2866
440 -0.2807
445 -0.2747
450 -0.2687
